30[-1,3] <- 60[1,4] -> 90[0,2]
10[-1,1] <- 30[-1,3] -> 50[-1,2]
. <- 10[-1,1] -> 20[0,0]
. <- 20[0,0] -> .
40[0,0] <- 50[-1,2] -> 55[-1,1]
. <- 40[0,0] -> .
. <- 55[-1,1] -> 57[0,0]
. <- 57[0,0] -> .
70[-1,1] <- 90[0,2] -> 110[0,1]
. <- 70[-1,1] -> 80[0,0]
. <- 80[0,0] -> .
100[0,0] <- 110[0,1] -> 120[0,0]
. <- 100[0,0] -> .
. <- 120[0,0] -> .



30[0,2] <- 60[0,3] -> 90[0,2]
10[-1,1] <- 30[0,2] -> 55[0,1]
. <- 10[-1,1] -> 20[0,0]
. <- 20[0,0] -> .
40[0,0] <- 55[0,1] -> 57[0,0]
. <- 40[0,0] -> .
. <- 57[0,0] -> .
70[-1,1] <- 90[0,2] -> 110[0,1]
. <- 70[-1,1] -> 80[0,0]
. <- 80[0,0] -> .
100[0,0] <- 110[0,1] -> 120[0,0]
. <- 100[0,0] -> .
. <- 120[0,0] -> .
